tmin	tier	text	tmax
0.501224	BHGR	1	0.664640
0.955723	BHGR	1	2.048562
1.093604	BLPH	1	1.394901
2.420913	BHGR	1	3.095000
2.528141	BLPH	1	2.889769
3.539285	BHGR	1	4.535097
3.837671	BLPH	1	4.204778
4.862532	BHGR	1	4.900887
5.213201	BLPH	1	5.399494
5.214291	BHGR	1	5.479841
5.770924	BHGR	1	5.857739
6.226854	BLPH	1	6.473418
6.230530	BHGR	1	6.332664
7.154847	BHGR	1	7.793187
7.777469	BLPH	1	8.073346
7.935735	BHGR	1	8.272779
8.415768	BHGR	1	9.830330
9.339042	BLPH	1	9.645878
10.438031	BHGR	1	10.626980
10.588301	BLPH	1	10.944449
11.158079	BHGR	1	11.270427
11.689178	BHGR	1	11.944515
12.291772	BHGR	1	12.654349
13.027140	BHGR	1	13.134381
13.374398	BHGR	1	13.614414
13.971884	BHGR	1	14.140406
14.599571	BHGR	1	14.686386
14.967256	BHGR	1	15.212378
15.702624	BHGR	1	16.039668
17.857662	BHGR	1	17.975117
18.490896	BHGR	1	18.817726
19.205837	BHGR	1	19.507134
19.599055	BHGR	1	19.946312
20.181222	BHGR	1	20.293129
20.716988	BHGR	1	20.849762
21.059138	BHGR	1	21.457463
21.784293	BHGR	1	21.901748
22.274539	BHGR	1	22.463488
22.866919	BHGR	1	23.076295
23.423552	BHGR	1	23.694208
23.949545	BHGR	1	24.215094
24.592992	BHGR	1	24.817688
25.098558	BHGR	1	25.195585
25.440708	BHGR	1	25.762432
25.951381	BHGR	1	26.007555
26.272664	BHGR	1	26.568854
27.309329	BHGR	1	27.595306
27.804682	BHGR	1	28.095765
28.356208	BHGR	1	28.657505
28.637543	BLPH	1	28.988212
28.938375	BHGR	1	29.025189
29.443940	BHGR	1	29.592035
29.878012	BHGR	1	30.123135
30.424432	BHGR	1	30.582740
30.858503	BHGR	1	31.287468
31.435563	BHGR	1	31.501951
31.741967	BHGR	1	31.981983
32.354328	BHGR	1	32.466676
35.617525	BHGR	1	35.734980
36.112877	BHGR	1	36.260972
36.582696	BHGR	1	36.817605
37.205717	BHGR	1	37.537654
37.892419	OCWA	1	39.026614
38.109167	BHGR	1	38.267475
44.701508	BHGR	1	44.834283
45.288782	BHGR	1	45.615612
47.714476	BHGR	1	47.954492
48.363030	BHGR	1	48.506018
48.863489	BHGR	1	48.955410
49.266920	BHGR	1	49.481403
49.349934	OCWA	1	50.927945
49.813340	BHGR	1	49.930795
50.155045	BHGR	1	50.752532
50.849559	BHGR	1	51.053828
51.304058	BHGR	1	51.554287
51.901545	BHGR	1	52.350937
52.846289	BHGR	1	52.984170
52.999334	OCWA	1	54.177363
53.428456	BHGR	1	53.607191
53.974875	BHGR	1	54.337453
54.720457	BHGR	1	54.853232
55.220916	BHGR	1	55.348584
55.619241	BHGR	1	55.752015
56.048205	BHGR	1	56.221834
56.349062	BHGR	1	56.640145
56.859735	BHGR	1	57.130391
57.319340	BHGR	1	57.559356
57.689533	OCWA	1	59.042896
57.753411	BHGR	1	57.962787
58.289618	BHGR	1	58.488780
58.703262	BHGR	1	58.984132
59.265002	BHGR	1	59.423310
59.709287	BHGR	1	59.908449
60.082078	BHGR	1	60.240386
60.526363	BHGR	1	60.643818
61.453996	OCWA	1	62.763526
62.032847	BHGR	1	62.160515
62.461372	BHGR	1	62.721815
62.915870	BHGR	1	63.181420
63.365262	BHGR	1	63.584851
63.906575	BHGR	1	64.064883
64.396820	BHGR	1	64.693010
65.004521	BHGR	1	65.234323
65.333522	OCWA	1	66.604698
65.428379	BHGR	1	65.739889
66.030972	BHGR	1	66.189281
66.511004	BHGR	1	66.597819
66.862789	BHGR	1	66.939390
67.236159	BHGR	1	67.629377
67.519607	BLPH	1	67.694942
67.751939	BHGR	1	67.848966
68.032368	BHGR	1	68.292811
68.701349	BHGR	1	68.941365
68.812700	BLPH	1	69.026388
69.601822	OCWA	1	70.862039
69.651200	BHGR	1	70.018884
70.401889	BHGR	1	70.692972
71.004482	BHGR	1	71.254712
71.295029	BLPH	1	71.536114
71.796025	BHGR	1	71.974760
72.342444	BHGR	1	72.643741
72.996105	BHGR	1	73.220801
73.379109	BHGR	1	73.465924
73.854035	BHGR	1	74.338733
74.018193	BLPH	1	74.275716
74.813659	BHGR	1	75.028141
74.988130	OCWA	1	76.308618
75.441786	BHGR	1	75.794150
76.335897	BLPH	1	76.544106
76.401850	BHGR	1	76.764428
76.864874	BHGR	1	77.020630
77.335972	BHGR	1	77.593863
77.908334	BHGR	1	78.250485
78.555224	BLPH	1	78.725080
79.001940	BHGR	1	79.544533
79.764013	BHGR	1	80.104889
80.287456	BHGR	1	80.674293
80.812656	BLPH	1	80.993470
80.938567	BHGR	1	81.375084
81.681764	BHGR	1	82.335425
83.147394	BHGR	1	83.663173
83.223506	BLPH	1	83.404320
84.046177	BHGR	1	84.490462
84.725372	BHGR	1	84.868360
85.103269	BHGR	1	85.910132
85.431875	BLPH	1	85.656523
86.364190	BHGR	1	86.573566
86.885076	BHGR	1	87.160839
87.533630	BHGR	1	88.166864
88.220790	BLPH	1	88.407083
88.585616	BHGR	1	89.035007
89.615559	BHGR	1	89.980692
90.063677	BHGR	1	91.077697
90.352445	BLPH	1	90.555175
91.409635	BHGR	1	91.573050
92.032655	BHGR	1	92.145003
92.394787	BHGR	1	92.629696
92.854392	BHGR	1	93.073981
92.883837	BLPH	1	93.037255
93.421238	BHGR	1	93.477412
93.794029	BHGR	1	94.049366
95.557939	BLPH	1	95.738752
97.485751	BHGR	1	98.593911
97.903038	BLPH	1	98.100289
98.864567	BHGR	1	99.891019
100.187866	BLPH	1	100.439910
100.978751	BHGR	1	102.153298
102.280966	BHGR	1	103.363592
103.218116	BLPH	1	103.398930
103.486153	BHGR	1	104.078533
105.738550	BLPH	1	105.957718
108.182525	BLPH	1	108.385255
108.398382	BHGR	1	109.435048
109.756771	BHGR	1	110.032534
110.389559	BHGR	1	110.910445
111.191315	BHGR	1	111.936897
112.122073	BLPH	1	112.302886
112.151379	BHGR	1	113.453594
113.617009	BHGR	1	114.112362
114.464726	BHGR	1	114.796663
114.697543	BLPH	1	114.894794
115.194987	BHGR	1	115.818008
115.960556	BHGR	1	116.501869
117.360436	BLPH	1	117.546729
117.380226	BHGR	1	117.972606
118.299436	BHGR	1	118.953097
119.172686	BHGR	1	120.250205
119.596201	BLPH	1	119.755098
120.582142	BHGR	1	120.873225
120.818064	BLPH	1	120.987919
121.077494	BHGR	1	121.429858
121.786889	BHGR	1	122.374162
122.644819	BHGR	1	122.941009
123.926607	BHGR	1	124.263651
124.056273	BLPH	1	124.248045
124.713042	BHGR	1	125.131794
126.015257	BHGR	1	126.684238
126.352310	BLPH	1	126.511207
126.949788	BHGR	1	127.812824
128.057947	BHGR	1	128.353697
128.726488	BHGR	1	128.884796
129.037120	BLPH	1	129.217933
129.175880	BHGR	1	129.298441
131.234530	BLPH	1	131.415344
131.724136	BHGR	1	132.495251
132.725054	BHGR	1	133.526809
133.720865	BHGR	1	133.971095
134.215777	BHGR	1	134.481327
134.716236	BHGR	1	135.165628
135.354577	BHGR	1	135.446498
135.900996	BHGR	1	136.008238
136.365708	BHGR	1	136.855954
136.686339	BLPH	1	136.878111
137.034689	BHGR	1	137.279812
137.540255	BHGR	1	137.775164
138.183702	BHGR	1	138.387971
138.597347	BHGR	1	139.833175
140.088071	BHGR	1	140.302553
140.634490	BHGR	1	141.221764
142.304389	BHGR	1	142.626113
142.825275	BHGR	1	143.203173
143.494256	BHGR	1	143.744486
144.071316	BHGR	1	144.352186
144.750511	BHGR	1	144.867965
145.199902	BHGR	1	145.761642
145.300147	BLPH	1	145.453565
146.057392	BHGR	1	146.215700
146.516997	BHGR	1	146.991923
147.415781	BHGR	1	147.783465
147.716476	BLPH	1	147.880852
147.919207	SPTO2	1	148.472606
149.459107	OCWA	1	150.483719
150.015104	BHGR	1	150.852607
151.266251	BHGR	1	151.312212
151.415183	BLPH	1	151.601476
151.669683	BHGR	1	151.894379
152.164595	BHGR	1	152.716121
153.557552	BLPH	1	153.732887
153.691506	BHGR	1	154.498368
155.261834	SPTO2	1	155.924818
156.576805	BHGR	1	156.719793
157.054226	OCWA	1	158.570933
157.179399	BHGR	1	157.358134
157.766672	BHGR	1	158.042435
158.322859	BHGR	1	158.445421
158.823318	BHGR	1	158.971413
159.323777	BHGR	1	159.553580
159.787657	SPTO2	1	160.412286
159.793596	BHGR	1	160.503431
161.870005	SPTO2	1	162.428883
164.861650	SPTO2	1	165.552030
165.114363	BHGR	1	166.151028
167.141733	BHGR	1	168.249892
169.727433	SPTO2	1	170.478084
171.365715	OCWA	1	172.461556
172.385894	BHGR	1	173.274464
173.432772	BHGR	1	173.504267
174.173248	BHGR	1	174.862655
174.417882	SPTO2	1	175.234283
175.123098	BHGR	1	175.735905
176.011228	BHGR	1	176.225711
176.552541	BHGR	1	176.639356
177.007040	BHGR	1	177.267483
177.635167	BHGR	1	177.895610
178.115199	BHGR	1	178.293934
178.641192	BHGR	1	179.136544
179.284639	BHGR	1	179.560402
179.694605	SPTO2	1	180.494569
179.754458	BHGR	1	180.321304
180.556214	BHGR	1	180.923898
181.465211	BHGR	1	181.633733
182.552503	BHGR	1	183.252124
183.288963	SPTO2	1	183.990301
183.640235	BHGR	1	183.921105
184.309216	BHGR	1	184.763715
184.952664	BHGR	1	185.126292
185.391842	BHGR	1	185.565471
186.091463	BHGR	1	186.224238
187.710931	SPTO2	1	188.434186
187.858390	BHGR	1	188.077979
188.618852	BHGR	1	188.843548
189.231659	BHGR	1	189.655517
189.951707	BHGR	1	190.738143
190.883390	SPTO2	1	191.557582
191.013906	BHGR	1	191.611393
191.963757	BHGR	1	192.367188
192.637844	BHGR	1	192.974888
193.235331	BHGR	1	193.398746
196.187509	SPTO2	1	196.845014
198.954423	BHGR	1	199.567230
199.842388	SPTO2	1	200.603998
200.460467	BHGR	1	201.052847
201.308183	BHGR	1	201.711614
201.880136	BHGR	1	202.120152
202.421449	BHGR	1	203.264059
203.713450	BHGR	1	204.576487
204.801183	BHGR	1	205.327176
205.223217	SPTO2	1	206.039618
205.674433	BHGR	1	205.965076
207.987339	BHGR	1	209.248700
209.047951	SPTO2	1	209.919145
210.060669	BHGR	1	211.567153
213.415347	BHGR	1	213.880059
214.017589	SPTO2	1	214.773720
215.549958	BHGR	1	215.774654
216.127018	BHGR	1	216.315967
216.637691	BHGR	1	216.750039
216.969628	BHGR	1	217.138150
217.449660	BHGR	1	217.689676
218.083409	SPTO	1	218.823101
218.771856	BHGR	1	218.955698
219.588932	BHGR	1	219.839162
220.125138	BHGR	1	220.411115
220.753265	BHGR	1	220.916681
221.146483	BHGR	1	221.468207
221.600982	BHGR	1	222.264856
222.193062	SPTO2	1	222.960150
222.601900	BHGR	1	222.872556
223.163640	BHGR	1	223.638565
224.996514	BHGR	1	225.190569
226.058712	BHGR	1	226.702160
226.170964	SPTO	1	226.812281
227.003457	BHGR	1	227.136231
227.376247	BHGR	1	227.544769
227.948201	BHGR	1	228.627395
228.964439	BHGR	1	229.464898
229.643633	BHGR	1	230.011318
230.235568	BHGR	1	230.353022
230.587932	BHGR	1	230.715600
230.697036	SPTO2	1	231.502479
231.537783	BHGR	1	231.706304
232.119949	BHGR	1	232.411033
232.681689	BHGR	1	233.018733
234.065611	BHGR	1	234.719272
234.406702	SPTO	1	235.129957
235.449534	BHGR	1	235.796791
236.485759	BHGR	1	237.221127
237.369222	BHGR	1	238.089270
238.288433	BHGR	1	239.238284
239.316319	SPTO2	1	240.088886
239.508940	BHGR	1	239.769383
240.101320	BHGR	1	240.535392
240.831582	BHGR	1	240.943930
241.132879	BHGR	1	241.475029
241.766112	BHGR	1	242.103156
242.419333	BHGR	1	242.644029
242.935112	BHGR	1	243.226196
243.025740	SPTO	1	243.732557
243.522386	BHGR	1	243.675587
243.956457	BHGR	1	244.165833
244.482450	BHGR	1	244.911415
245.273992	BHGR	1	245.519115
245.759131	BHGR	1	246.489393
246.826437	BHGR	1	246.964318
247.146351	SPTO2	1	247.913440
247.194121	BHGR	1	248.179719
248.863580	BHGR	1	249.113809
249.389572	BHGR	1	250.104514
250.283249	BHGR	1	250.472198
250.671360	BHGR	1	252.688517
251.036586	SPTO	1	251.743653
253.035774	BHGR	1	253.168549
253.403458	BHGR	1	253.684328
253.878384	BHGR	1	254.057119
254.414150	BHGR	1	254.582671
254.802261	BHGR	1	255.072917
255.069530	SPTO2	1	255.902369
255.813392	BHGR	1	255.961487
258.943577	SPTO	1	259.710666
262.609165	SPTO2	1	263.337899
266.833881	SPTO	1	267.557136
267.537552	BHGR	1	267.685647
267.956304	BHGR	1	268.129932
269.539388	BHGR	1	269.866219
269.869610	SPTO2	1	270.664095
270.014314	BHGR	1	270.402425
270.810963	BHGR	1	271.485051
271.699533	BHGR	1	272.302127
272.842999	BHGR	1	273.317925
273.414655	SPTO	1	274.110514
273.966479	BHGR	1	274.461831
275.161452	BHGR	1	275.370828
276.417707	BHGR	1	276.530055
276.933486	BHGR	1	277.056047
277.403305	BHGR	1	277.709708
277.666768	SPTO2	1	278.494127
277.979919	BHGR	1	278.470164
278.720394	BHGR	1	278.996157
279.312774	BHGR	1	279.614071
279.854087	BHGR	1	279.946008
280.048142	BHGR	1	280.405613
280.584349	BHGR	1	281.140982
281.411638	BHGR	1	281.626120
282.739387	BHGR	1	283.188778
282.822949	SPTO	1	283.507849
283.479421	BHGR	1	283.663264
285.236135	BHGR	1	285.353589
285.665100	BHGR	1	285.777448
286.211519	BHGR	1	286.568990
287.365459	SPTO2	1	288.225694
287.488201	BHGR	1	287.641402
288.014193	BHGR	1	288.213355
288.478905	BHGR	1	288.662747
289.040645	BHGR	1	289.341942
289.459396	BHGR	1	289.827081
290.021136	BHGR	1	290.551790
290.735632	BHGR	1	290.914367
291.031046	SPTO	1	291.770739
292.676187	BHGR	1	292.865136
293.079619	BHGR	1	293.421769
293.840521	BHGR	1	294.228632
294.361407	BHGR	1	294.912933
295.061028	BHGR	1	295.357218
295.530847	BHGR	1	296.204934
295.589994	SPTO2	1	296.329687
296.393443	BHGR	1	296.648779
297.006250	BHGR	1	297.368827
297.792685	BHGR	1	297.915247
298.221650	BHGR	1	298.425919
